117
188
313
225
4495
586
809
257
168
272
131
213
47
161
158
120
82
40
115
1101
118
93
86
70
84
35
137
733
84
111
2962
106
51
664
53
288
481
144
207
181
89
64
79
146
30
74
3323
62
116
118
65
272
214
103
66
261
210
1142
31
1348
220
66
376
243
2359
5182
57
52
91
330
4986
37
2989
60
378
143
670
865
45
2060
111
1724
106
2260
214
145
968
36
94
108
373
64
2117
6981
186
470
471
981
180
90
34
1799
484
76
1019
64
172
52
237
976
126
799
346
214
359
260
272
56
90
76
2088
331
319
791
104
62
91
76
71
1353
46
52
77
147
973
494
908
235
3734
1140
4091
516
40
1123
311
91
175
56
490
596
454
418
228
14
259
48
372
290
782
273
131
1890
277
303
6031
180
106
120
368
77
1618
378
429
1550
591
811
165
124
284
34
338
99
129
774
500
41
158
143
53
1145
156
26
344
4824
1239
81
64
233
216
175
1643
5468
1316
1596
3013
33
80
211
340
957
53
58
257
68
113
1906
286
101
129
56
1053
76
236
53
6552
280
543
38
438
250
54
77
860
280
566
598
60
125
77
75
352
65
242
100
248
181
112
338
598
261
97
251
115
282
298
19
81
399
241
110
67
674
16407
44
1861
92
69
203
487
326
1182
553
230
2778
760
124
228
21
70
7
1539
1364
1240
50
173
47
70
549
74
227
252
67
215
3434
219
441
1144
96
2112
1680
1019
841
457
856
2245
266
191
101
31
374
150
2136
345
173
228
131
137
85
63
5518
211
277
655
438
5616
835
203
436
1846
732
1743
924
288
1201
288
4027
1289
88
201
155
832
157
86
812
885
517
693
155
130
447
92
110
31
161
82
156
57
308
124
86
68
168
991
242
389
42
603
94
114
170
242
114
157
104
122
67
457
90
492
137
156
632
182
237
411
3027
653
150
2898
291
276
615
87
1027
56
1422
291
3895
47
91
516
185
67
291
98
79
292
48
585
565
108
412
350
1706
83
988
129
476
212
843
2102
178
2947
663
2369
199
330
3054
255
226
80
2548
75
166
4641
135
149
691
59
132
208
61
2027
168
37
773
1007
123
294
318
122
241
66
410
333
99
21
697
245
116
292
227
127
1526
144
187
174
1643
415
1163
184
199
961
345
536
87
432
259
481
174
108
10271
264
25
171
422
4459
136
124
171
1284
88
248
403
903
255
565
36
370
13841
475
383
347
116
62
1530
253
510
117
32
356
88
66
118
156
61
191
2418
124
128
438
325
243
313
293
75
115
400
2738
335
589
160
942
1067
50
426
412
202
232
86
2355
219
328
1101
81
469
971
1595
84
42
198
1133
2923
161
986
402
953
62
224
357
176
2411
1269
23
91
4723
2490
1412
1205
2985
747
3235
544
106
701
327
514
1791
1730
720
384
1175
594
258
458
94
4303
1040
1779
81
1478
40
174
317
1993
2152
2737
1236
122
1725
1191
565
126
171
2751
100
455
2134
686
115
2265
1125
619
531
1243
293
1333
76
87
249
244
1169
131
377
191
201
116
206
60
116
241
554
1505
50
231
410
792
688
1582
1735
147
533
146
182
91
90
2054
298
932
3370
142
152
92
304
171
1701
255
168
421
291
751
106
131
70
370
787
135
253
189
219
3400
161
80
110
450
206
259
110
275
1460
171
196
90
151
120
51
226
1379
698
43
451
600
63
558
618
373
516
845
263
137
172
387
206
330
139
183
213
2382
704
1404
398
413
693
190
62
134
1415
1889
100
100
2250
270
317
98
146
957
89
130
790
151
384
133
684
253
673
183
146
185
94
174
236
2437
142
2333
933
409
1031
352
1544
175
1585
11324
557
92
1417
1992
131
547
70
502
637
219
45
1451
2097
137
395
59
247
475
80
291
129
36
85
221
443
86
180
427
80
435
149
248
99
389
594
91
276
65
74
43
1378
1485
2198
132
1934
125
1199
100
3233
166
1350
411
1798
117
76
158
111
151
212
316
1427
141
193
100
398
4814
485
126
87
3017
2868
236
161
836
239
3347
718
377
411
388
71
239
1750
862
622
562
195
528
185
3820
56
4958
979
487
2839
90
90
554
1350
91
498
100
1538
3371
941
473
196
246
101
151
415
292
262
278
634
3753
1026
1138
1621
451
210